name: breast-cancer
channels:
- defaults
dependencies:
- backports=1.0=py36_0
- backports.weakref=1.0rc1=py36_0
- bleach=1.5.0=py36_0
- cycler=0.10.0=py36_0
- html5lib=0.9999999=py36_0
- icu=57.1=vc14_0
- jpeg=9b=vc14_0
- libpng=1.6.30=vc14_1
- libprotobuf=3.2.0=vc14_0
- markdown=2.6.8=py36_0
- matplotlib=2.0.2=np113py36_0
- mkl=2017.0.3=0
- numpy=1.13.1=py36_0
- openssl=1.0.2l=vc14_0
- pandas=0.20.3=py36_0
- pip=9.0.1=py36_1
- protobuf=3.2.0=py36_0
- pyparsing=2.2.0=py36_0
- pyqt=5.6.0=py36_2
- python=3.6.2=0
- python-dateutil=2.6.1=py36_0
- pytz=2017.2=py36_0
- qt=5.6.2=vc14_6
- setuptools=27.2.0=py36_1
- sip=4.18=py36_0
- six=1.10.0=py36_0
- tensorflow=1.2.1=py36_0
- tk=8.5.18=vc14_0
- vs2015_runtime=14.0.25420=0
- werkzeug=0.12.2=py36_0
- wheel=0.29.0=py36_0
- zlib=1.2.11=vc14_0
prefix: C:\ProgramData\Anaconda3\envs\breast-cancer

